POLYGON = np.array([
    [
        [10.793357933579333,903.3210332103318],
        [441.78966789667885,761.6236162361621],
        [955.442804428044,702.5830258302581],
        [1466.143911439114,723.2472324723245],
        [2041.7896678966783,619.9261992619925],
        [2160,723.2472324723245],
        [2160,2999.2619926199254],
        [1876.476014760147,3096.678966789667],
        [1404.1512915129147,3158.6715867158664],
        [834.4095940959407,3146.8634686346854],
        [388.6531365313652,3064.2066420664196],
        [1.9372693726937262,2928.4132841328405],
        [0,915.1291512915126]
    ]
], dtype=np.int32)